init<-rep(0.25,4)
mP<-matrix(0,4,4)
S <-c(1:4)  # state space
mP[1,]<- c(0.62,0.00,0.38,0.00)
mP[2,]<- c(0.55,0.00,0.45,0.00)
mP[3,]<-c(0.00,0.24,0.00,0.76)
mP[4,]<- c(0.00,0.19,0.00,0.81)